90 90 90 90 
90 90 90 90 
90 90 90 90 
90 90 90 90 
90 90 90 90 
90 90 90 90 
90 90 90 90 
90 90 90 90 
90 90 90 90 
90 90 90 90 
90 90 90 90 
90 90 90 90 
90 90 90 90 
90 90 90 90 
90 90 90 90 
90 90 90 90 
90 90 90 90 
90 90 90 90 
90 90 90 90 
90 90 90 90 
90 90 90 90 
90 90 90 90 
90 90 90 90 
90 90 90 90 
90 90 90 90 
90 90 90 90 
90 90 90 90 
90 90 90 90 
90 90 90 90 
90 90 90 90 
90 90 90 90 
90 90 90 90 
90 90 90 90 
90 90 90 90 
90 90 90 90 
90 90 90 90 
90 90 90 90 
90 90 90 90 
90 90 90 90 
90 90 90 90 
90 90 90 90 
90 90 90 90 
90 90 90 90 
90 90 90 90 
90 90 90 90 
90 90 90 90 
90 90 90 90 
90 90 90 90 
90 90 90 90 
90 90 90 90 
90 90 90 90 
90 90 90 90 
90 90 90 90 
90 90 90 90 
90 90 90 90 
90 90 90 90 
90 90 90 90 
90 90 90 90 
90 90 90 90 
90 90 90 90 
90 90 90 90 
90 90 90 90 
90 90 90 90 
90 90 90 90 
90 90 90 90 
90 90 90 90 
90 90 90 90 
90 90 90 90 
90 90 90 90 
90 90 90 90 
90 90 90 90 
90 90 90 90 
90 90 90 90 
90 90 90 90 
90 90 90 90 
90 90 90 90 
90 90 90 90 
90 90 90 90 
90 90 90 90 
90 90 90 90 
90 90 90 90 
90 90 90 90 
90 90 90 90 
90 90 90 90 
90 90 90 90 
90 90 90 90 
90 90 90 90 
90 90 90 90 
90 90 90 90 
90 90 90 90 
90 90 90 90 
90 90 90 90 
90 90 90 90 
90 90 90 90 
90 90 90 90 
90 90 90 90 
90 90 90 90 
90 90 90 90 
90 90 90 90 
90 90 90 90 
90 90 90 90 
90 90 90 90 
90 90 90 90 
90 90 90 90 
90 90 90 90 
90 90 90 90 
90 90 90 90 
90 90 90 90 
90 90 90 90 
90 90 90 90 
90 90 90 90 
90 90 90 90 
90 90 90 90 
90 90 90 90 
90 90 90 90 
90 90 90 90 
90 90 90 90 
90 90 90 90 
90 90 90 90 
90 90 90 90 
90 90 90 90 
90 90 90 90 
90 90 90 90 
90 90 90 90 
90 90 90 90
b8 54 1d ac 
25 89 e2 83 
c2 28 89 d5 
68 33 8d 04 
08 c3 00 00 
00 00 00 00 
80 3a 68 55
